C Q/U 
Data  
Family  
Formula I*T 
Name  
           C1                       C2                       C4                       CQ1                      CQ2                      CQ4                      CU1                      CU2                      CU4                      I1                       I2                       I3                       I4                       I5                       Q1                       Q2                       Q3                       Q4                        R                       T1                       T2                       T3                       T4                       T5                       U1                       U11                      U12                      U2                       U3                       U4                       U5                       U6                       U7                       U8            
         0,05996                  0,05749                  0,00248                  0,02610                  0,02478                  0,00088                  0,43521                  0,43107                  0,35374               -1,83105e-007            -5,49316e-007            -3,35693e-007            -3,05176e-007            -6,10352e-007            -3,66211e-005            -1,09863e-004            -6,71387e-005            -6,10352e-005             5000,00000                200,00000                200,00000                200,00000                200,00000                200,00000              -1,06812e-003            -6,10352e-004               0,00244               -1,52588e-004            -7,62939e-004               0,00198               -9,15527e-004               0,00076               -9,15527e-004               0,00061         
                                                                                                                                                                                                                                       2,62451e-006             4,57764e-006             1,52588e-007             4,82178e-006                0,00030                  0,00105                  0,00183                  0,00006                  0,00193                                          400,00000                400,00000                400,00000                400,00000                400,00000                 0,03723                  2,99255                  1,51169                  0,02411                  0,03738                  0,01450                  0,03738                  0,03662                  0,03754                  0,01343         
                                                                                                                                                                                                                                       3,14331e-006             6,95801e-006             1,52588e-007             7,11060e-006                0,00015                  0,00189                  0,00417                  0,00009                  0,00427                                          600,00000                600,00000                600,00000                600,00000                600,00000                 0,07568                  2,99362                  2,25204                  0,05997                  0,07584                  0,04105                  0,07584                  0,07507                  0,07599                  0,04044         
                                                                                                                                                                                                                                       3,23486e-006             7,90405e-006             1,52588e-007             8,23975e-006                0,00009                  0,00259                  0,00632                  0,00012                  0,00659                                          800,00000                800,00000                800,00000                800,00000                800,00000                 0,11398                  2,99362                  2,52411                  0,09781                  0,11444                  0,07492                  0,11429                  0,11353                  0,11444                  0,07324         
                                                                                                                                                                                                                                       3,32642e-006             8,60596e-006             6,10352e-008             8,72803e-006                0,00008                  0,00333                  0,00861                  0,00006                  0,00873                                         1000,00000               1000,00000               1000,00000               1000,00000               1000,00000                 0,15259                  2,99362                  2,61414                  0,13596                  0,15289                  0,10986                  0,15274                  0,15244                  0,15274                  0,10910         
                                                                                                                                                                                                                                       3,50952e-006             8,85010e-006             3,05176e-008             9,06372e-006                0,00007                  0,00421                  0,01062                  0,00004                  0,01088                                         1200,00000               1200,00000               1200,00000               1200,00000               1200,00000                 0,19135                  2,99377                  2,63733                  0,17380                  0,19119                  0,14694                  0,19104                  0,19089                  0,19135                  0,14603         
                                                                                                                                                                                                                                       3,57056e-006             8,97217e-006             3,96729e-007             8,81958e-006                0,00007                  0,00500                  0,01256                  0,00056                  0,01235                                         1400,00000               1400,00000               1400,00000               1400,00000               1400,00000                 0,22980                  2,99393                  2,64221                  0,21194                  0,22949                  0,18463                  0,22949                  0,22751                  0,22964                  0,18555         
                                                                                                                                                                                                                                       3,57056e-006             9,12476e-006             3,35693e-007             9,00269e-006                0,00007                  0,00571                  0,01460                  0,00054                  0,01440                                         1600,00000               1600,00000               1600,00000               1600,00000               1600,00000                 0,26825                  2,99393                  2,64038                  0,25040                  0,26810                  0,22247                  0,26779                  0,26611                  0,26794                  0,22293         
                                                                                                                                                                                                                                       3,57056e-006             8,91113e-006             3,35693e-007             9,12476e-006                0,00007                  0,00643                  0,01604                  0,00060                  0,01642                                         1800,00000               1800,00000               1800,00000               1800,00000               1800,00000                 0,30655                  2,99393                  2,63718                  0,28870                  0,30609                  0,26154                  0,30609                  0,30441                  0,30640                  0,26077         
                                                                                                                                                                                                                                       3,29590e-006             9,18579e-006             3,66211e-007             9,15527e-006                0,00007                  0,00659                  0,01837                  0,00073                  0,01831                                         2000,00000               2000,00000               2000,00000               2000,00000               2000,00000                 0,34485                  2,99393                  2,63306                  0,32837                  0,34485                  0,29892                  0,34485                  0,34302                  0,34485                  0,29907         
                                                                                                                                                                                                                                       3,35693e-006             9,33838e-006             3,96729e-007             8,94165e-006                0,00007                  0,00739                  0,02054                  0,00087                  0,01967                                         2200,00000               2200,00000               2200,00000               2200,00000               2200,00000                 0,38315                  2,99393                  2,62955                  0,36636                  0,38345                  0,33676                  0,38315                  0,38116                  0,38284                  0,33813         
                                                                                                                                                                                                                                       3,32642e-006             9,36890e-006             -1,83105e-007            9,09424e-006                0,00007                  0,00798                  0,02249               -4,39453e-004               0,02183                                         2400,00000               2400,00000               2400,00000               2400,00000               2400,00000                 0,42145                  2,99377                  2,62589                  0,40482                  0,42191                  0,37506                  0,42130                  0,42221                  0,42130                  0,37582         
                                                                                                                                                                                                                                       3,32642e-006             9,39941e-006             -1,52588e-007            9,18579e-006                0,00007                  0,00865                  0,02444               -3,96729e-004               0,02388                                         2600,00000               2600,00000               2600,00000               2600,00000               2600,00000                 0,45975                  2,99377                  2,62405                  0,44312                  0,46021                  0,41321                  0,45959                  0,46036                  0,45975                  0,41382         
                                                                                                                                                                                                                                       3,32642e-006             9,42993e-006             -1,52588e-007            9,24683e-006                0,00007                  0,00931                  0,02640               -4,27246e-004               0,02589                                         2800,00000               2800,00000               2800,00000               2800,00000               2800,00000                 0,49820                  2,99377                  2,62192                  0,48157                  0,49850                  0,45135                  0,49805                  0,49881                  0,49820                  0,45197         
                                                                                                                                                                                                                                       3,50952e-006             9,03320e-006             3,05176e-008             9,39941e-006                0,00008                  0,01053                  0,02710                  0,00009                  0,02820                                         3000,00000               3000,00000               3000,00000               3000,00000               3000,00000                 0,53711                  2,99408                  2,61871                  0,51956                  0,53665                  0,49149                  0,53680                  0,53665                  0,53680                  0,48981         
                                                                                                                                                                                                                                       3,54004e-006             9,18579e-006             6,10352e-008             9,24683e-006                0,00008                  0,01133                  0,02939                  0,00020                  0,02959                                         3200,00000               3200,00000               3200,00000               3200,00000               3200,00000                 0,57541                  2,99408                  2,61612                  0,55771                  0,57510                  0,52917                  0,57495                  0,57465                  0,57556                  0,52933         
                                                                                                                                                                                                                                       3,50952e-006             9,18579e-006             -2,44141e-007            9,36890e-006                0,00008                  0,01193                  0,03123               -8,30078e-004               0,03185                                         3400,00000               3400,00000               3400,00000               3400,00000               3400,00000                 0,61371                  2,99408                  2,61322                  0,59616                  0,61325                  0,56732                  0,61356                  0,61478                  0,61401                  0,56717         
                                                                                                                                                                                                                                       3,50952e-006             9,21631e-006             -2,74658e-007            9,39941e-006                0,00008                  0,01263                  0,03318               -9,88770e-004               0,03384                                         3600,00000               3600,00000               3600,00000               3600,00000               3600,00000                 0,65216                  2,99408                  2,61063                  0,63461                  0,65155                  0,60547                  0,65186                  0,65323                  0,65216                  0,60516         
                                                                                                                                                                                                                                       3,47900e-006             9,24683e-006             -2,13623e-007            9,42993e-006                0,00008                  0,01322                  0,03514               -8,11768e-004               0,03583                                         3800,00000               3800,00000               3800,00000               3800,00000               3800,00000                 0,69046                  2,99408                  2,60727                  0,67307                  0,69000                  0,64377                  0,69046                  0,69153                  0,69061                  0,64346         
                                                                                                                                                                                                                                       3,20435e-006             9,21631e-006             -3,05176e-007            9,33838e-006                0,00008                  0,01282                  0,03687               -1,22070e-003               0,03735                                         4000,00000               4000,00000               4000,00000               4000,00000               4000,00000                 0,72845                  2,99408                  2,60391                  0,71243                  0,72861                  0,68253                  0,72861                  0,73013                  0,72876                  0,68207         
                                                                                                                                                                                                                                       3,29590e-006             9,36890e-006             -3,35693e-007            9,18579e-006                0,00008                  0,01384                  0,03935               -1,40991e-003               0,03858                                         4200,00000               4200,00000               4200,00000               4200,00000               4200,00000                 0,76691                  2,99393                  2,59979                  0,75043                  0,76706                  0,72021                  0,76706                  0,76874                  0,76706                  0,72113         
                                                                                                                                                                                                                                       3,29590e-006             9,46045e-006             2,44141e-007             9,33838e-006                0,00008                  0,01450                  0,04163                  0,00107                  0,04109                                         4400,00000               4400,00000               4400,00000               4400,00000               4400,00000                 0,80521                  2,99393                  2,59567                  0,78873                  0,80551                  0,75821                  0,80536                  0,80414                  0,80536                  0,75867         
                                                                                                                                                                                                                                       3,41797e-006             9,46045e-006             1,83105e-007             9,42993e-006                0,00008                  0,01572                  0,04352                  0,00084                  0,04338                                         4600,00000               4600,00000               4600,00000               4600,00000               4600,00000                 0,84412                  2,99393                  2,59277                  0,82703                  0,84381                  0,79651                  0,84366                  0,84274                  0,84381                  0,79666         
                                                                                                                                                                                                                                       3,35693e-006             9,21631e-006             3,35693e-007             9,46045e-006                0,00008                  0,01611                  0,04424                  0,00161                  0,04541                                         4800,00000               4800,00000               4800,00000               4800,00000               4800,00000                 0,88211                  2,99393                  2,59064                  0,86533                  0,88242                  0,83633                  0,88226                  0,88058                  0,88226                  0,83496         
                                                                                                                                                                                                                                       3,50952e-006             9,33838e-006             -1,22070e-007            9,61304e-006                0,00008                  0,01755                  0,04669               -6,10352e-004               0,04807                                         5000,00000               5000,00000               5000,00000               5000,00000               5000,00000                 0,92072                  2,99377                  2,58774                  0,90317                  0,92072                  0,87402                  0,92041                  0,92102                  0,92072                  0,87265         
